32745
32712
32679
32676
32636
32588
32483
32451
32437
32432
32429
32383
32300
32264
32260
32218
32214
32189
32124
32121
32081
32080
32078
32068
32063
32032
32013
31926
31918
31913
31889
31881
31867
31863
31846
31833
31760
31750
31727
31685
31631
31589
31583
31491
31411
31397
31328
31317
31317
31257
31225
31179
31149
31145
31116
31111
31089
31063
30994
30952
30889
30872
30838
30820
30768
30749
30743
30722
30721
30720
30699
30690
30669
30623
30590
30559
30533
30525
30512
30510
30497
30472
30431
30387
30367
30287
30275
30251
30242
30212
30181
30171
30125
30072
30018
29982
29944
29944
29942
29905
29876
29865
29838
29766
29708
29636
29626
29593
29525
29520
29461
29459
29384
29340
29300
29235
29210
29203
29161
29113
29067
29053
29002
28938
28921
28907
28880
28871
28778
28758
28699
28694
28688
28676
28672
28651
28619
28570
28524
28514
28465
28314
28254
28209
28205
28201
28198
28197
28152
28151
28126
28123
28109
28108
28035
28032
27900
27895
27889
27889
27888
27860
27854
27823
27781
27745
27741
27730
27701
27681
27669
27647
27629
27552
27526
27525
27505
27433
27429
27415
27412
27398
27392
27374
27370
27353
27333
27319
27278
27259
27255
27228
27163
27159
27064
27041
27038
27015
26975
26966
26956
26926
26911
26903
26899
26879
26867
26861
26808
26791
26747
26729
26708
26670
26651
26590
26547
26505
26383
26371
26346
26341
26310
26220
26214
26201
26176
26168
26117
26028
25963
25896
25823
25818
25755
25742
25738
25730
25662
25645
25638
25632
25626
25612
25606
25592
25571
25564
25544
25524
25515
25496
25448
25343
25257
25215
25188
25184
25168
25157
25130
25107
25068
25043
25017
25008
24913
24847
24842
24802
24786
24783
24753
24744
24644
24642
24615
24575
24485
24472
24465
24427
24265
24198
24196
24021
23977
23976
23948
23939
23924
23868
23853
23805
23785
23694
23694
23689
23653
23645
23618
23583
23566
23531
23524
23461
23430
23376
23315
23288
23275
23233
23228
23211
23199
23184
23167
23157
23145
23133
23083
23075
22998
22953
22922
22916
22820
22802
22711
22700
22664
22655
22605
22564
22524
22517
22475
22462
22413
22405
22388
22359
22281
22274
22254
22229
22219
22180
22173
22114
22110
21925
21887
21835
21821
21798
21781
21756
21702
21695
21688
21685
21671
21669
21669
21649
21611
21424
21423
21402
21376
21333
21285
21276
21206
21199
21144
21120
21115
21090
21062
21043
21022
21004
20980
20962
20959
20869
20867
20775
20735
20708
20695
20691
20679
20631
20570
20560
20557
20470
20448
20410
20408
20401
20400
20364
20349
20147
20128
20108
20090
20078
20065
20049
20024
19928
19924
19916
19904
19849
19841
19783
19739
19561
19560
19536
19510
19451
19433
19365
19223
19200
19161
19109
19085
19058
19053
19038
18968
18931
18926
18876
18871
18844
18791
18693
18682
18636
18625
18574
18553
18478
18441
18440
18407
18315
18315
18257
18228
18141
18066
18057
18021
17902
17853
17714
17688
17515
17477
17390
17330
17311
17305
17296
17267
17203
17168
17157
17135
17114
17045
16978
16937
16884
16869
16799
16783
16779
16739
16718
16695
16695
16686
16671
16662
16607
16585
16583
16582
16500
